
t0      = 0;
tf      = 100;

A = [0,2.50571491049613,0.225123858413661,3.45257998510142,3.28896304358737,1.62573763375403,3.78796227779392,2.12455227849595,1.67623522568805;2.50571491049613,0,0.225522876257871,3.17289881387462,1.50693870955105,0.841643180613771,2.34087389925269,0.508186866447410,0.724450842053858;0.225123858413661,0.225522876257871,0,0.225140436295698,0.225168216878923,0.225637384289696,0.225275883365073,0.225937568218471,0.226632199214340;3.45257998510142,3.17289881387462,0.225140436295698,0,3.95429381591422,1.62509210935248,1.62336043284859,1.29327962445642,1.00976320749777;3.28896304358737,1.50693870955105,0.225168216878923,3.95429381591422,0,2.79267809850407,2.28923477449367,1.29344201965224,0.508555344272778;1.62573763375403,0.841643180613771,0.225637384289696,1.62509210935248,2.79267809850407,0,2.29410337012208,1.29618460186981,0.509630297698901;3.78796227779392,2.34087389925269,0.225275883365073,1.62336043284859,2.28923477449367,2.29410337012208,0,1.46109460707264,0.508802029049914;2.12455227849595,0.508186866447410,0.225937568218471,1.29327962445642,1.29344201965224,1.29618460186981,1.46109460707264,0,1.17930957755039;1.67623522568805,0.724450842053858,0.226632199214340,1.00976320749777,0.508555344272778,0.509630297698901,0.508802029049914,1.17930957755039,0];
x0 = [10.8933382054632;9.69943343564241;6.40073140302869;10.5384002485997;10.4676902227262;9.54010062240737;10.2138022615844;9.08823674210768;8.25711296474718];
save ode_A A

options = odeset('RelTol',1e-4,'AbsTol',1e-4);
%%%% Following command get steady results
[t_TimeSeries,X_TimeSeries] = ode45('abundanceEquation',[t0,tf],randi(100, length(A),1),options);

%%%% Following command get nan results
[t_TimeSeries,X_TimeSeries] = ode45('abundanceEquation',[t0,tf],x0,options);